spawns:
  default:
    world: 64abf6b2-2f0f-47ef-b152-b5de591b0494
    world-name: world
    x: 273.6530757595961
    y: 98.0
    z: -0.9138209943849899
    yaw: -178.04913330078125
    pitch: 11.850016593933105
