spawns:
  default:
    world: 64abf6b2-2f0f-47ef-b152-b5de591b0494
    world-name: world
    x: 273.61408298136257
    y: 98.0
    z: -0.6979646645713944
    yaw: 171.90122985839844
    pitch: 19.19996452331543
