spawns:
  default:
    world: 14cb2a93-c8e0-4a01-b0d8-f68757524fcf
    world-name: world
    x: -264.6348285220808
    y: 123.0
    z: 73.43826009511729
    yaw: -2.098419189453125
    pitch: 9.899978637695312
